1	1	-1	-1	-1	-1	-1	-1
2	1	-1	-1	-1	-1	-1	-1
3	1	-1	-1	-1	-1	-1	-1
65	3	4	1	-1	-1	-1	-1
66	3	5	1	-1	-1	3	1
66	3	6	1	-1	-1	4	1
67	3	7	1	-1	-1	5	1
68	3	8	1	-1	-1	6	1
69	3	9	1	-1	-1	7	1
70	3	10	1	-1	-1	8	1
71	3	11	1	-1	-1	9	1
72	3	12	1	-1	-1	10	1
73	3	13	1	-1	-1	11	1
74	3	14	1	-1	-1	12	1
75	3	15	1	-1	-1	13	1
76	3	16	1	-1	-1	14	1
77	3	17	1	-1	-1	15	1
78	3	18	1	-1	-1	16	1
79	3	19	1	-1	-1	17	1
80	3	20	1	-1	-1	18	1
137	6	21	1	-1	-1	19	1
81	3	22	1	-1	-1	20	1
82	3	23	1	-1	-1	21	1
83	3	24	1	-1	-1	22	1
84	3	25	1	-1	-1	23	1
85	3	26	1	-1	-1	24	1
86	3	27	1	-1	-1	25	1
87	3	28	1	-1	-1	26	1
88	3	29	1	-1	-1	27	1
88	3	30	1	-1	-1	28	1
89	3	31	1	-1	-1	29	1
90	3	32	1	-1	-1	30	1
91	3	33	1	-1	-1	31	1
92	3	34	1	-1	-1	32	1
93	3	35	1	-1	-1	33	1
93	3	36	1	-1	-1	34	1
94	3	37	1	-1	-1	35	1
95	3	38	1	-1	-1	36	1
96	3	39	1	-1	-1	37	1
96	3	40	1	-1	-1	38	1
97	3	41	1	-1	-1	39	1
98	3	42	1	-1	-1	40	1
99	3	43	1	-1	-1	41	1
100	3	44	1	-1	-1	42	1
101	3	45	1	-1	-1	43	1
102	3	46	1	-1	-1	44	1
103	3	47	1	-1	-1	45	1
104	3	48	1	-1	-1	46	1
105	3	49	1	-1	-1	47	1
106	3	50	1	-1	-1	48	1
107	3	51	1	-1	-1	49	1
108	3	52	1	-1	-1	50	1
109	3	53	1	-1	-1	51	1
110	3	54	1	-1	-1	52	1
111	3	55	1	-1	-1	53	1
112	3	56	1	-1	-1	54	1
113	3	57	1	-1	-1	55	1
114	3	58	1	-1	-1	56	1
115	3	59	1	-1	-1	57	1
116	3	60	1	-1	-1	58	1
116	3	61	1	-1	-1	59	1
117	3	62	1	-1	-1	60	1
118	3	63	1	-1	-1	61	1
119	3	64	1	-1	-1	62	1
120	3	65	1	-1	-1	63	1
121	3	66	1	3	3	64	1
122	3	67	1	4	3	65	1
123	3	68	1	6	3	66	1
124	3	69	1	7	3	67	1
125	3	70	1	8	3	68	1
126	3	71	1	9	3	69	1
127	3	72	1	10	3	70	1
128	3	73	1	11	3	71	1
129	3	74	1	12	3	72	1
130	3	75	1	13	3	73	1
131	3	76	1	14	3	74	1
132	3	77	1	15	3	75	1
133	3	78	1	16	3	76	1
134	3	79	1	17	3	77	1
135	3	80	1	18	3	78	1
136	3	81	1	19	3	79	1
138	3	82	1	21	3	80	1
139	3	83	1	22	3	81	1
140	3	84	1	23	3	82	1
141	3	85	1	24	3	83	1
142	3	86	1	25	3	84	1
143	3	87	1	26	3	85	1
144	3	88	1	27	3	86	1
145	3	89	1	29	3	87	1
145	3	90	1	30	3	88	1
146	3	91	1	31	3	89	1
147	3	92	1	32	3	90	1
148	3	93	1	33	3	91	1
148	3	94	1	35	3	92	1
149	3	95	1	36	3	93	1
150	3	96	1	37	3	94	1
150	3	97	1	39	3	95	1
151	3	98	1	40	3	96	1
151	3	99	1	41	3	97	1
152	3	100	1	42	3	98	1
153	3	101	1	43	3	99	1
154	3	102	1	44	3	100	1
155	3	103	1	45	3	101	1
156	3	104	1	46	3	102	1
157	3	105	1	47	3	103	1
157	3	106	1	48	3	104	1
158	3	107	1	49	3	105	1
158	3	108	1	50	3	106	1
159	3	109	1	51	3	107	1
160	3	110	1	52	3	108	1
161	3	111	1	53	3	109	1
161	3	112	1	54	3	110	1
162	3	113	1	55	3	111	1
162	3	114	1	56	3	112	1
163	3	115	1	57	3	113	1
164	3	116	1	58	3	114	1
165	3	117	1	60	3	115	1
166	3	118	1	61	3	116	1
166	3	119	1	62	3	117	1
167	3	120	1	63	3	118	1
168	3	121	1	64	3	119	1
168	3	122	1	65	3	120	1
169	3	123	1	66	3	121	1
170	3	124	1	67	3	122	1
170	3	125	1	68	3	123	1
171	3	126	1	69	3	124	1
172	3	127	1	70	3	125	1
172	3	128	1	71	3	126	1
173	3	129	1	72	3	127	1
173	3	130	1	73	3	128	1
174	3	131	1	74	3	129	1
174	3	132	1	75	3	130	1
175	3	133	1	76	3	131	1
176	3	134	1	77	3	132	1
177	3	135	1	78	3	133	1
177	3	136	1	79	3	134	1
178	3	137	1	80	3	135	1
178	3	138	1	20	6	136	1
179	3	139	1	81	3	137	1
179	3	140	1	82	3	138	1
180	3	141	1	83	3	139	1
180	3	142	1	84	3	140	1
181	3	143	1	85	3	141	1
182	3	144	1	86	3	142	1
182	3	145	1	87	3	143	1
183	3	146	1	88	3	144	1
184	3	147	1	90	3	145	1
185	3	148	1	91	3	146	1
185	3	149	1	93	3	147	1
186	3	150	1	94	3	148	1
86	3	151	1	95	3	149	1
187	3	152	1	97	3	150	1
188	3	153	1	99	3	151	1
188	3	154	1	100	3	152	1
189	3	155	1	101	3	153	1
190	3	156	1	102	3	154	1
190	3	157	1	103	3	155	1
191	3	158	1	105	3	156	1
192	3	159	1	107	3	157	1
193	3	160	1	108	3	158	1
194	3	161	1	109	3	159	1
196	3	162	1	111	3	160	1
197	3	163	1	113	3	161	1
198	3	164	1	114	3	162	1
198	3	165	1	115	3	163	1
-1	-1	166	1	116	3	164	1
-1	-1	167	1	118	3	165	1
-1	-1	168	1	119	3	166	1
-1	-1	169	1	121	3	167	1
-1	-1	170	1	122	3	168	1
-1	-1	171	1	124	3	169	1
-1	-1	172	1	125	3	170	1
-1	-1	173	1	127	3	171	1
-1	-1	174	1	129	3	172	1
-1	-1	175	1	131	3	173	1
-1	-1	176	1	132	3	174	1
-1	-1	177	1	133	3	175	1
-1	-1	178	1	135	3	176	1
-1	-1	179	1	137	3	177	1
-1	-1	180	1	139	3	178	1
-1	-1	181	1	141	3	179	1
-1	-1	182	1	142	3	180	1
-1	-1	183	1	144	3	181	1
-1	-1	184	1	145	3	182	1
-1	-1	185	1	146	3	183	1
-1	-1	186	1	147	3	184	1
-1	-1	187	1	149	3	185	1
-1	-1	188	1	151	3	186	1
-1	-1	189	1	152	3	187	1
-1	-1	190	1	154	3	188	1
-1	-1	191	1	156	3	189	1
-1	-1	192	1	157	3	190	1
-1	-1	193	1	158	3	191	1
-1	-1	194	1	159	3	192	1
-1	-1	195	1	160	3	193	1
-1	-1	196	1	110	6	194	1
-1	-1	197	1	161	3	195	1
199	3	198	1	162	3	196	1
-1	-1	199	1	163	3	197	1
-1	-1	-1	-1	197	3	-1	-1
